50   50    [[2566324    4411]
 [ 396704   13949]]

50   100    [[2566449    4286]
 [ 390693   19960]]

50   150    [[2563634    7101]
 [ 399636   11017]]

50   200    [[2569808     927]
 [ 403507    7146]]

100   50    [[2565799    4936]
 [ 395409   15244]]

100   100    [[2561807    8928]
 [ 403613    7040]]

100   150    [[2570735       0]
 [ 398704   11949]]

100   200    [[2562918    7817]
 [ 402556    8097]]

150   50    [[2558711   12024]
 [ 410653       0]]

150   100    [[2547393   23342]
 [ 410147     506]]

150   150    [[2566289    4446]
 [ 397237   13416]]

150   200    [[2562502    8233]
 [ 395096   15557]]

200   50    [[2554671   16064]
 [ 410653       0]]

200   100    [[2555222   15513]
 [ 410263     390]]

200   150    [[2566012    4723]
 [ 391591   19062]]

200   200    [[2561186    9549]
 [ 388563   22090]]

